1305031910.771502
1305031910.835215
1305031910.903682
1305031910.971338
1305031911.035056
1305031911.103332
1305031911.171831
1305031911.235660
1305031911.303504
1305031911.371631
1305031911.439656
1305031911.503476
1305031911.571543
1305031911.639562
1305031911.705153
1305031911.771372
1305031911.839611
1305031911.904281
1305031911.972044
1305031912.040573
1305031912.104327
1305031912.171439
1305031912.239820
1305031912.303877
1305031912.371540
1305031912.438048
1305031912.508934
1305031912.572025
1305031912.637657
1305031912.708413
1305031912.772223
1305031912.840573
1305031912.908080
1305031912.972119
1305031913.040171
1305031913.108367
1305031913.172328
1305031913.240453
1305031913.308747
1305031913.372117
1305031913.440305
1305031913.508406
1305031913.568481
1305031913.637112
1305031913.709971
1305031913.778085
1305031913.840405
1305031913.908138
1305031913.977474
1305031914.042148
1305031914.108031
1305031914.177921
1305031914.239738
1305031914.307439
1305031914.376077
1305031914.439366
1305031914.508084
1305031914.575638
1305031914.639613
1305031914.707659
1305031914.776080
1305031914.839826
1305031914.908910
1305031914.975628
1305031915.044015
1305031915.105907
1305031915.173454
1305031915.244223
1305031915.306226
1305031915.373270
1305031915.442726
1305031915.506429
1305031915.575890
1305031915.644456
1305031915.710920
1305031915.776046
1305031915.844882
1305031915.907069
1305031915.976975
1305031916.044257
1305031916.107904
1305031916.175966
1305031916.244817
1305031916.312024
1305031916.375943
1305031916.445160
1305031916.511070
1305031916.574661
1305031916.643191
1305031916.711186
1305031916.774484
1305031916.842413
1305031916.911349
1305031916.975281
1305031917.045346
1305031917.112392
1305031917.175617
1305031917.242019
1305031917.311009
1305031917.375028
1305031917.442191
1305031917.512902
1305031917.581189
1305031917.644587
1305031917.712747
1305031917.776958
1305031917.844755
1305031917.907881
1305031917.978906
1305031918.044049
1305031918.113495
1305031918.179489
1305031918.244974
1305031918.312487
1305031918.379884
1305031918.445292
1305031918.513488
1305031918.582328
1305031918.645169
1305031918.713496
1305031918.814538
1305031918.880096
1305031918.948107
1305031919.013079
1305031919.081202
1305031919.149786
1305031919.212613
1305031919.282212
1305031919.348352
1305031919.413966
1305031919.480223
1305031919.548061
1305031919.611928
1305031919.680144
1305031919.747809
1305031919.815366
1305031919.880464
1305031919.948072
1305031920.017137
1305031920.081263
1305031920.148679
1305031920.217426
1305031920.280534
1305031920.349842
1305031920.417274
1305031920.481785
1305031920.547964
1305031920.617995
1305031920.717318
1305031920.780346
1305031920.848339
1305031920.915238
1305031920.981269
1305031921.046752
1305031921.116426
1305031921.183591
1305031921.247511
1305031921.316687
1305031921.383334
1305031921.447829
1305031921.516337
1305031921.584755
1305031921.648077
1305031921.717161
1305031921.815490
1305031921.883647
1305031921.947748
1305031922.017509
1305031922.084015
1305031922.150410
1305031922.248353
1305031922.315988
1305031922.384534
1305031922.449565
1305031922.517313
1305031922.616826
1305031922.684543
1305031922.752032
1305031922.818079
1305031922.916045
1305031923.016127
1305031923.083189
1305031923.152033
1305031923.251678
1305031923.317750
1305031923.384405
1305031923.452014
1305031923.517826
1305031923.584004
1305031923.651604
1305031923.719218
1305031923.784138
1305031923.848797
1305031923.919849
1305031923.985402
1305031924.052305
1305031924.120309
1305031924.183240
1305031924.251933
1305031924.319056
1305031924.383380
1305031924.452792
1305031924.519657
1305031924.584109
1305031924.652060
1305031924.719995
1305031924.783411
1305031924.851149
1305031924.919219
1305031924.987062
1305031925.051227
1305031925.119070
1305031925.186995
1305031925.250215
1305031925.318360
1305031925.386446
1305031925.451669
1305031925.520197
1305031925.587951
1305031925.652177
1305031925.719963
1305031925.788128
1305031925.852900
1305031925.917070
1305031925.987927
1305031926.051425
1305031926.119488
1305031926.187287
1305031926.255515
1305031926.319314
1305031926.387186
1305031926.456138
1305031926.519488
1305031926.587389
1305031926.655592
1305031926.716774
1305031926.787267
1305031926.856453
1305031926.920915
1305031926.988250
1305031927.056355
1305031927.120454
1305031927.188222
1305031927.255554
1305031927.319728
1305031927.387697
1305031927.455842
1305031927.523735
1305031927.587778
1305031927.655615
1305031927.720304
1305031927.784053
1305031927.855551
1305031927.923620
1305031927.987655
1305031928.055649
1305031928.123611
1305031928.185349
1305031928.256019
1305031928.324414
1305031928.388295
1305031928.456406
1305031928.524415
1305031928.588557
1305031928.656233
1305031928.723927
1305031928.791463
1305031928.855468
1305031928.923473
1305031928.991477
1305031929.052047
1305031929.123397
1305031929.191433
1305031929.256040
1305031929.324071
1305031929.391503
1305031929.455568
1305031929.523520
1305031929.591341
1305031929.652934
1305031929.722904
1305031929.791661
1305031929.859997
1305031929.920589
1305031929.992281
1305031930.059766
1305031930.122266
1305031930.191333
1305031930.259685
1305031930.324425
1305031930.392204
1305031930.460645
1305031930.523304
1305031930.591038
1305031930.659428
1305031930.723254
1305031930.791524
1305031930.860005
1305031930.923290
1305031930.991760
1305031931.059938
1305031931.126327
1305031931.187879
1305031931.259538
1305031931.327534
1305031931.391729
1305031931.459719
1305031931.527311
1305031931.590720
1305031931.659798
1305031931.727210
1305031931.791463
1305031931.859949
1305031931.927455
1305031931.991729
1305031932.058924
1305031932.127607
1305031932.192165
1305031932.259182
1305031932.326984
1305031932.395192
1305031932.460162
1305031932.527699
1305031932.593841
1305031932.659769
1305031932.727524
1305031932.795486
1305031932.859777
1305031932.928147
1305031932.995065
1305031933.059632
1305031933.127608
1305031933.195887
1305031933.259844
1305031933.327953
1305031933.395603
1305031933.459920
1305031933.527835
1305031933.595687
1305031933.663105
1305031933.727622
1305031933.795823
1305031933.863871
1305031933.927864
1305031933.996159
1305031934.062070
1305031934.123903
1305031934.196078
1305031934.263347
1305031934.327544
1305031934.395278
1305031934.460046
1305031934.527409
1305031934.595082
1305031934.662910
1305031934.726749
1305031934.794831
1305031934.862668
1305031934.931747
1305031934.995132
1305031935.063116
1305031935.130727
1305031935.194899
1305031935.260736
1305031935.330960
1305031935.394932
1305031935.463017
1305031935.530045
1305031935.594819
1305031935.663543
1305031935.731180
1305031935.795359
1305031935.863651
1305031935.931428
1305031935.995756
1305031936.063602
1305031936.130808
1305031936.200045
1305031936.262854
1305031936.331649
1305031936.399525
1305031936.463134
1305031936.531202
1305031936.599685
1305031936.663832
1305031936.731597
1305031936.799809
1305031936.863697
1305031936.931480
1305031937.000148
1305031937.060179
1305031937.131381
1305031937.199678
1305031937.263361
1305031937.331472
1305031937.399644
1305031937.467256
1305031937.531606
1305031937.599586
1305031937.667658
1305031937.731732
1305031937.799732
1305031937.867758
1305031937.931831
1305031938.000042
1305031938.067761
1305031938.131856
1305031938.199974
1305031938.267768
1305031938.331736
1305031938.400257
1305031938.468046
1305031938.535972
1305031938.598200
1305031938.667115
1305031938.735353
1305031938.799553
1305031938.867115
1305031938.935595
1305031939.000242
1305031939.067934
1305031939.135566
1305031939.200214
1305031939.267640
1305031939.335053
1305031939.399885
1305031939.467647
1305031939.535364
1305031939.600160
1305031939.667415
1305031939.735464
1305031939.803685
1305031939.863918
1305031939.936002
1305031940.005613
1305031940.067499
1305031940.135843
1305031940.200119
1305031940.267548
1305031940.335962
1305031940.403701
1305031940.467066
1305031940.535239
1305031940.603395
1305031940.666993
1305031940.735222
1305031940.803100
1305031940.867019
1305031940.935305
1305031941.003186
1305031941.071076
1305031941.135554
1305031941.203532
1305031941.271139
1305031941.335303
1305031941.403877
1305031941.469619
1305031941.534653
1305031941.603072
1305031941.671562
1305031941.735592
1305031941.800828
1305031941.871824
1305031941.935190
1305031942.003159
1305031942.071092
1305031942.135205
1305031942.203125
1305031942.271143
1305031942.335609
1305031942.402950
1305031942.472314
1305031942.539471
1305031942.601458
1305031942.667679
1305031942.739823
1305031942.801585
1305031942.867914
1305031942.936255
1305031943.001126
1305031943.071764
1305031943.139631
1305031943.201583
1305031943.272012
1305031943.339953
1305031943.404597
1305031943.471442
1305031943.539543
1305031943.607498
1305031943.671539
1305031943.739461
1305031943.806840
1305031943.867799
1305031943.935818
1305031944.007774
1305031944.070907
1305031944.139679
1305031944.207026
1305031944.270986
1305031944.339327
1305031944.406240
1305031944.471315
1305031944.539090
1305031944.607255
1305031944.671797
1305031944.739963
1305031944.807934
1305031944.875727
1305031944.939709
1305031945.007456
1305031945.079450
1305031945.135938
1305031945.207131
1305031945.276136
1305031945.338954
1305031945.406595
1305031945.477504
1305031945.538432
1305031945.606045
1305031945.677317
1305031945.738707
1305031945.806249
1305031945.877342
1305031945.935652
1305031946.005994
1305031946.075402
1305031946.147686
1305031946.207053
1305031946.276972
1305031946.347086
1305031946.406531
1305031946.473076
1305031946.546018
1305031946.606485
1305031946.678050
1305031946.743717
1305031946.806659
1305031946.874721
1305031946.942686
1305031947.006833
1305031947.074589
1305031947.142937
1305031947.210803
1305031947.274786
1305031947.339718
1305031947.407848
1305031947.475248
1305031947.543322
1305031947.611625
1305031947.675360
1305031947.743304
1305031947.811424
1305031947.875442
1305031947.943516
1305031948.011498
1305031948.075218
1305031948.143226
1305031948.211235
1305031948.275446
1305031948.343521
1305031948.411285
1305031948.480437
1305031948.542869
1305031948.611060
1305031948.681662
1305031948.746432
1305031948.812389
1305031948.880529
1305031948.943231
1305031949.014896
1305031949.082201
1305031949.144262
1305031949.214247
1305031949.281444
1305031949.341972
1305031949.410764
1305031949.479260
1305031949.541920
1305031949.614433
1305031949.680760
1305031949.749412
1305031949.811436
1305031949.880626
1305031949.948731
1305031950.011524
1305031950.080195
1305031950.147985
1305031950.211149
1305031950.279213
1305031950.346992
1305031950.410330
1305031950.478952
1305031950.546397
1305031950.610212
1305031950.678650
1305031950.746448
1305031950.810641
1305031950.880523
1305031950.948166
1305031951.016385
1305031951.080859
1305031951.147131
1305031951.215695
1305031951.279729
1305031951.348921
1305031951.415739
1305031951.479264
1305031951.549086
1305031951.616005
1305031951.680049
1305031951.747698
1305031951.813548
1305031951.880079
1305031951.948683
1305031952.016974
1305031952.080085
1305031952.147987
1305031952.216761
1305031952.286014
1305031952.348255
1305031952.416972
1305031952.485298
1305031952.549624
1305031952.616651
1305031952.684311
1305031952.747932
1305031952.815896
1305031952.884506
1305031952.947523
1305031953.016595
1305031953.083674
1305031953.147161
1305031953.215053
1305031953.283786
1305031953.347948
1305031953.415905
1305031953.483838
1305031953.551507
1305031953.618056
1305031953.683774
1305031953.752395
1305031953.816480
1305031953.884444
1305031953.952308
1305031954.017015
1305031954.085429
1305031954.152181
1305031954.217228
1305031954.285809
1305031954.348938
